1.000000000000000000e+05
1.001741987469466840e+05
9.990116383151963237e+04
1.005449056563517079e+05
1.001301026102400647e+05
1.000207413447259605e+05
9.997385355763226107e+04
9.888446396821584494e+04
9.958951510304815019e+04
1.002468765944724000e+05
9.985195958009021706e+04
1.001046808103306976e+05
9.983632635616928746e+04
9.958634925588610349e+04
9.851593691635613504e+04
9.658033391193005082e+04
9.632956089158487157e+04
9.688109521909749310e+04
9.572687409058306366e+04
9.639482602647454769e+04
9.548394737866560172e+04
9.350083886413392611e+04
9.394143790692994662e+04
9.391096738523227395e+04
9.505624930233792111e+04
9.606316058965330012e+04
9.611005431299933116e+04
9.728379914897291746e+04
9.709628959694001242e+04
9.748341970191118889e+04
9.825464473522955086e+04
9.810873665851748956e+04
9.756230450339306844e+04
9.812594983181107091e+04
9.794390477643668419e+04
9.857548214368126355e+04
9.840834566976943461e+04
9.852238740263141517e+04
9.897393327183037763e+04
9.927232465189779759e+04
9.833761009588665911e+04
9.972344879780976044e+04
9.950630621615418931e+04
9.988164606639507110e+04
1.000691615607625426e+05
9.986211642268358264e+04
9.945199383783758094e+04
9.938405585059421719e+04
9.797790346348453022e+04
9.771503133298533794e+04
9.881925823234292329e+04
9.936039813335990766e+04
9.866689966327333241e+04
9.932913169160025427e+04
9.915712468078576785e+04
9.899850570107789827e+04
9.955314054048356775e+04
9.895167137066634314e+04
9.892272140540683176e+04
9.928053327851362701e+04
1.000992044290031190e+05
1.005550624989450880e+05
1.008007273984852800e+05
1.007979951471149252e+05
9.982581313772255089e+04
9.881104959964491718e+04
9.887351120556064416e+04
9.997463759910743101e+04
9.835092684938975435e+04
9.747831158110625984e+04
9.836929825485116453e+04
9.891255862047897244e+04
9.989964327508154383e+04
9.980043885216073249e+04
1.000480519615961821e+05
1.004441212779760972e+05
1.003667629691847251e+05
1.003667629691847251e+05
9.951409312556522491e+04
1.000449514497031778e+05
1.005718480187815439e+05
1.008484110995587398e+05
1.007147803239685600e+05
1.004351286098852433e+05
1.005425416655040754e+05
9.975470336098255939e+04
1.004694836849510175e+05
1.006667402409593342e+05
1.008636166639403236e+05
1.015456218622156593e+05
1.016670763077136653e+05
1.010499204633755871e+05
1.000332146577372623e+05
1.003038737037296960e+05
1.004288563145778462e+05
9.959224734833638649e+04
1.005578066289023991e+05
1.006187476783799502e+05
1.010030801967117441e+05
1.014241555381307990e+05
1.011667538466246770e+05
1.015655078878629574e+05
1.016776014108296658e+05
1.018385428032900236e+05
1.017090460435571877e+05
1.018014317257623043e+05
1.024010180148710642e+05
1.029372873850676406e+05
1.030517567713867465e+05
1.030689105517458520e+05
1.024482859349921055e+05
1.017811180405757186e+05
1.020338392708161846e+05
1.020658897540509352e+05
1.022330321642151102e+05
1.028298743294488086e+05
1.029201454893776536e+05
1.030759668824461114e+05
1.030162375279007683e+05
1.022916686218616524e+05
1.025920022816542041e+05
1.024619709429355426e+05
1.024966942785239662e+05
1.023431774712043261e+05
1.031306475212854129e+05
1.032533255342203192e+05
1.038130091014964855e+05
1.035450941854613338e+05
1.028298743294488377e+05
1.033103107648906152e+05
1.028812762654272228e+05
1.030560808567989006e+05
1.037349142716598290e+05
1.037669053558778833e+05
1.042383966436585761e+05
1.032567943066360021e+05
1.040071532731071493e+05
1.037124741856100882e+05
1.040884080077713152e+05
1.039247462364452513e+05
1.039075330631516845e+05
1.031580175371723308e+05
1.032919452956815658e+05
1.028632671720717044e+05
1.026701565044254239e+05
1.007417345589031465e+05
1.003163945371708542e+05
1.007780972428809037e+05
9.992774981201384799e+04
1.000121050585710182e+05
9.955551046758376469e+04
1.006847374557281437e+05
1.007823619292763033e+05
1.007249371665619983e+05
1.012800115380116913e+05
1.016557671692049917e+05
1.013475812647324055e+05
1.024170194932325248e+05
1.029087650732653274e+05
1.032709069680366083e+05
1.036380263130747917e+05
1.034052623860851600e+05
1.038653732638356742e+05
1.040468065324505005e+05
1.041399287357009016e+05
1.038818024017363932e+05
1.039966281699912361e+05
1.038087562936880422e+05
1.038739501509741385e+05
1.038210395371444902e+05
1.042332885228536616e+05
1.040755189138076967e+05
1.034821930414194358e+05
1.038157532314538403e+05
1.036958668567415734e+05
1.033218693719709700e+05
1.035872421061905479e+05
1.042005134032427450e+05
1.043518325260134297e+05
1.050156504460475553e+05
1.050992810501463391e+05
1.044481146401735459e+05
1.037376465230303002e+05
1.046754734634391207e+05
1.030681859092875820e+05
1.040860440169236535e+05
1.038310181887699291e+05
1.036587676578007668e+05
1.022100456327571883e+05
1.021877837315930956e+05
1.034567712354278774e+05
1.033486335373506736e+05
1.016911082278053800e+05
1.033626868058167456e+05
1.013253193696505768e+05
1.006249486960839422e+05
9.926843416835980315e+04
9.923267139255470829e+04
9.817770814364323451e+04
9.802869361270357331e+04
9.962935248961194884e+04
9.974649473436696280e+04
1.010550285841807927e+05
1.001214663301674009e+05
1.014387552580875490e+05
1.022142984344835131e+05
1.022905044473593589e+05
1.034328105929399608e+05
1.032415887422544765e+05
1.045864258770293818e+05
1.057730657432189910e+05
1.056253935777496226e+05
1.057324383789279964e+05
1.063448543629837513e+05
1.067702537837327109e+05
1.068886077234199329e+05
1.071307444515277457e+05
1.071378007883102400e+05
1.071213716504095355e+05
1.073682482448819501e+05
1.072584711923331779e+05
1.073375995261341741e+05
1.075813162157790794e+05
1.075686053127832711e+05
1.077709581110096915e+05
1.083248089150224987e+05
1.083724926160959585e+05
1.083544835227403964e+05
1.084324001616091991e+05
1.084353818754688109e+05
1.081225155097305542e+05
1.087474642058142053e+05
1.089485934366037109e+05
1.088724468166623410e+05
1.092294093251894665e+05
1.085828164570358203e+05
1.082709123176582943e+05
1.066405788330320065e+05
1.070249113513637712e+05
1.051059097273894731e+05
1.044977465511422779e+05
1.038167154578146001e+05
1.055683964745746198e+05
1.081307241424285603e+05
1.082928178308044589e+05
1.092333651439967362e+05
1.096270704695289460e+05
1.096638132926162507e+05
1.098067455978032667e+05
1.097125898905885260e+05
1.093770933692457475e+05
1.084039372488235240e+05
1.084642724477938755e+05
1.064489887218239164e+05
1.056582399749641481e+05
1.069530175392309757e+05
1.089197028642787191e+05
1.078826833734537795e+05
1.072955703973562340e+05
1.071303761970873456e+05
1.059954946427296527e+05
1.053484741211189103e+05
1.065093239268764737e+05
1.065315858219583315e+05
1.067690896092303155e+05
1.083486507655592141e+05
1.074887404579369904e+05
1.075258396629600320e+05
1.057529421336693777e+05
1.045617881125128770e+05
1.059332112216995592e+05
1.044010961825417471e+05
1.055937588815495110e+05
1.074510354145711317e+05
1.074912945183394622e+05
1.087798829434893414e+05
1.084113499614594912e+05
1.078330633410718583e+05
1.086818308164840419e+05
1.086415717066334910e+05
1.093120776968452410e+05
1.095977522376645065e+05
1.097694563232253568e+05
1.096616156080672081e+05
1.093935106224772753e+05
1.103342480052243191e+05
1.101907098556122946e+05
1.107524010257182381e+05
1.108459508885079704e+05
1.107842139189684240e+05
1.102871701546580443e+05
1.112355815911172831e+05
1.107170005741834320e+05
1.100694336010821426e+05
1.103055475024540065e+05
1.086089628994035011e+05
1.094540358970845555e+05
1.074299852083391743e+05
1.072624270172225661e+05
1.088427722089443560e+05
1.079553137005496101e+05
1.093427264155930025e+05
1.085621345113265270e+05
1.099434650006172742e+05
1.092308704826108878e+05
1.102564620429758215e+05
1.101858393247918866e+05
1.095478233437766903e+05
1.077681545881179045e+05
1.075229886196384323e+05
1.077323977485651412e+05
1.093359789463986672e+05
1.081183696213684598e+05
1.076443242731852806e+05
1.080400372015472385e+05
1.087553639709240088e+05
1.087223393888238352e+05
1.088871059356355981e+05
1.092290529432536568e+05
1.098307062402911106e+05
1.093404099451750953e+05
1.097032764824047481e+05
1.101649791881147976e+05
1.101233777127939684e+05
1.084235856844861555e+05
1.096925137953864760e+05
1.091734575984834664e+05
1.097128274744908558e+05
1.098370260499461292e+05
1.099674969207088143e+05
1.097110099351336248e+05
1.101499636932879657e+05
1.096961607526877779e+05
1.085100673319064954e+05
1.096264052260871977e+05
1.099082546186372492e+05
1.090433549882434017e+05
1.085189530866330606e+05
1.090181826508232916e+05
1.106424339096969197e+05
1.101197307554926083e+05
1.098950566631676047e+05
1.098479788065191387e+05
1.110142455945876427e+05
1.111378383256179222e+05
1.112979244050818234e+05
1.113800938517591421e+05
1.112159331554545788e+05
1.112180001573010377e+05
1.108912587140645628e+05
1.097327135062202287e+05
1.104714069461645850e+05
1.102471486347920290e+05
1.095450198208848888e+05
1.097255977765032439e+05
1.095526819960101420e+05
1.099439520530910231e+05
1.089057802663505572e+05
1.085644509878266108e+05
1.080601726957658830e+05
1.080448958598628960e+05
1.094824988159524364e+05
1.097195155507505842e+05
1.088647846415369277e+05
1.082099118691639160e+05
1.088990921961729036e+05
1.090892211438773520e+05
1.101846276298595767e+05
1.095770702980373753e+05
1.102085882723474933e+05
1.103563317154204706e+05
1.092736955314507359e+05
1.088132045145906886e+05
1.091557573727159761e+05
1.070249707442981307e+05
1.071658360476386733e+05
1.080076184638719569e+05
1.078385278377302602e+05
1.075555261492646678e+05
1.081231807531720988e+05
1.065327381178737123e+05
1.067346632626430073e+05
1.080228240282535553e+05
1.093443063710477581e+05
1.098059496777410968e+05
1.097852083390973858e+05
1.102114511942559329e+05
1.100058672135984089e+05
1.100907807841508038e+05
1.089891614079600840e+05
1.085740495003424876e+05
1.078495399933200533e+05
1.068557613262052764e+05
1.060776046903901151e+05
1.072312793674140266e+05
1.079679652045286202e+05
1.079350594143796188e+05
1.075937182511865685e+05
1.070362204898724594e+05
1.067472553676054085e+05
1.066851026231956203e+05
1.059508520545323554e+05
1.056688244710144209e+05
1.071394401366994571e+05
1.058480006682279927e+05
1.058459930593160243e+05
1.058809064583769941e+05
1.063014947473222564e+05
1.067137437330314424e+05
1.065079221623893536e+05
1.055188952341438271e+05
1.033412089461276191e+05
1.001119153319989855e+05
9.653313132099596260e+04
9.528682743553005275e+04
9.905214689361835190e+04
1.012980681457147875e+05
1.012265426001867891e+05
1.005272054305844940e+05
9.767050753673946019e+04
9.945278381556511158e+04
9.959498554204138054e+04
9.793830960315800621e+04
1.003122011283789616e+05
9.885788393005655962e+04
9.932518180904540350e+04
9.994976224460641970e+04
9.957187427021539770e+04
1.009640327817934449e+05
1.018161502376701101e+05
1.014195344697996770e+05
9.965471489658672363e+04
1.004186994719846116e+05
9.932560352625021187e+04
9.901796406718587968e+04
9.854008763448116952e+04
9.922950554539251607e+04
9.732710530795225350e+04
9.761443108182998549e+04
9.904722290003356466e+04
9.897003684595772938e+04
1.001886677963653638e+05
1.020380326856902684e+05
1.021217226827235281e+05
1.028643600750526966e+05
1.037065107518086006e+05
1.039117264719434752e+05
1.041998362812140549e+05
1.038959150631368830e+05
1.029401503069761093e+05
1.042599932952987583e+05
1.047114203664643137e+05
1.048000284208300436e+05
1.047183460266265465e+05
1.044233580776235467e+05
1.063730202928502986e+05
1.073312084388754738e+05
1.071873733002622030e+05
1.069342244165646116e+05
1.081390515609954309e+05
1.079947887689250201e+05
1.074336321717226965e+05
1.084385417863784096e+05
1.089822357477978949e+05
1.086746556877502735e+05
1.086494120788087894e+05
1.089346708386755781e+05
1.078407849152137351e+05
1.080094478878983064e+05
1.076689026386850019e+05
1.061231025915837672e+05
1.048894442616801825e+05
1.063356122324034950e+05
1.063750873007789633e+05
1.078814122795047588e+05
1.078545887151083880e+05
1.084084395191211806e+05
1.082190946068096091e+05
1.083377574019205349e+05
1.083450632011923008e+05
1.083450632011923008e+05
1.077765532842884422e+05
1.088009806640687602e+05
1.078359143843933707e+05
1.063031340957116627e+05
1.085533200342034834e+05
1.078409631061816472e+05
1.068525420223611291e+05
1.063921222831046762e+05
1.068935970461914403e+05
1.050109105918473360e+05
1.056391379847096687e+05
1.065904598635071598e+05
1.079539713350793172e+05
1.064136476632234990e+05
1.041797126655822794e+05
1.049282422141093120e+05
1.059357652821020165e+05
1.070630440542689030e+05
1.067562599142832914e+05
1.066108923406449612e+05
1.077830037705637515e+05
1.070707062354764057e+05
1.059829619307016837e+05
1.043037211714828009e+05
1.043628446816031792e+05
1.028292090860072058e+05
1.004424819235047180e+05
9.942280034025908390e+04
9.973980666418928013e+04
1.004553828960552928e+05
9.823652279225758684e+04
9.962107852772709157e+04
9.724311238566545944e+04
9.741304644621670013e+04
9.589687348640356504e+04
9.660204341926926281e+04
9.788435954911173030e+04
9.661749250988777203e+04
9.833274550740097766e+04
9.697780498671493842e+04
9.773917610269360011e+04
1.001517586608971615e+05
1.000476243081392313e+05
9.824947722149026231e+04
9.936325511293394084e+04
9.984934612067122362e+04
9.856228419429407222e+04
9.748013506279814465e+04
9.740307373692582769e+04
9.679704289779411920e+04
9.524874818930707988e+04
9.715650006770702021e+04
9.851022295112631400e+04
1.000759090299570234e+05
9.983018473748237011e+04
9.969978513824104448e+04
1.010906072266833944e+05
9.994179120189302193e+04
1.002654321332364634e+05
1.015566815382353379e+05
1.012080583329443034e+05
1.004570816434612789e+05
1.025772243707297603e+05
1.027854812098231778e+05
1.030566273082894331e+05
1.034390116106437054e+05
1.038476136390515458e+05
1.031794835121922079e+05
1.034000235947420588e+05
1.033682225800787855e+05
1.046952406971351302e+05
1.047914634061963152e+05
1.049276957626187941e+05
1.053791822328010603e+05
1.063263700957411929e+05
1.070611671158950048e+05
1.071923507505291782e+05
1.069411619553137862e+05
1.064547026870538248e+05
1.065346269348346104e+05
1.066542044419587182e+05
1.072485519397243916e+05
1.077567266515757074e+05
1.075647088869104336e+05
1.082195222602667636e+05
1.078804381745571445e+05
1.070673681396810280e+05
1.077530202952576801e+05
1.066941665688901994e+05
1.069070444702325476e+05
1.067820499747152935e+05
1.077846431189530704e+05
1.089221975256644364e+05
1.090325923012251005e+05
1.088563978239533462e+05
1.095053665554593899e+05
1.098060684696923709e+05
1.100655965681438684e+05
1.093737433887811931e+05
1.095028718940735998e+05
1.093416335126119666e+05
1.094211895059523231e+05
1.097327847777416755e+05
1.084507062378837581e+05
1.081032947275249462e+05
1.088180750454112131e+05
1.079650428836036008e+05
1.073589467152850702e+05
1.074164308770161006e+05
1.079025218786711775e+05
1.076913427247348445e+05
1.090442696941743488e+05
1.077230249474469165e+05
1.077800814496386010e+05
1.066537767885015783e+05
1.077205421646480245e+05
1.066212986518096877e+05
1.066008542960850318e+05
1.060460412657114939e+05
1.064446646364116896e+05
1.063959474374561105e+05
1.076921980377312721e+05
1.085769124222509854e+05
1.084356788644700137e+05
1.087089632423862931e+05
1.081857611571212619e+05
1.082007885305350064e+05
1.084981523489726242e+05
1.083065622377644904e+05
1.089954930962020153e+05
1.091046642982435733e+05
1.095107835377703013e+05
1.093899824571270728e+05
1.086610300788235618e+05
1.078529493667190400e+05
1.075022472809946776e+05
1.072914957805154700e+05
1.078567151159715577e+05
1.075043142828411510e+05
1.082932336117568047e+05
1.084444458211632009e+05
1.081470226037089014e+05
1.095473956903195503e+05
1.058352897652322863e+05
1.042508105576531379e+05
1.058898516060381662e+05
1.076230364830510371e+05
1.090542483457997878e+05
1.091721152330131590e+05
1.085106731824136805e+05
1.089850867911195237e+05
1.088467874267683655e+05
1.103725707776842901e+05
1.108603011398931412e+05
1.115946705005076074e+05
1.117433761699413008e+05
1.125601644397223281e+05
1.126218420102451782e+05
1.127221987351637217e+05
1.128800871422430791e+05
1.130991660612892592e+05
1.126259760261025222e+05
1.129520997402448847e+05
1.124789691040748585e+05
1.123615179978139058e+05
1.123519076067111455e+05
1.122556848915677401e+05
1.121090462300627114e+05
1.119403832634603605e+05
1.113884806693428691e+05
1.116392536896880483e+05
1.116213158739360806e+05
1.127859314350283676e+05
1.126993191170699574e+05
1.127221987351637363e+05
1.124947805128814653e+05
1.132116278386963968e+05
1.129862885029296885e+05
1.133486679876855487e+05
1.128375709549090971e+05
1.129708928689933091e+05
1.131154051296351681e+05
1.128409209353735496e+05
1.127001150310496887e+05
1.128088704521387845e+05
1.124085364554456319e+05
1.122073953460692137e+05
1.118849779882448493e+05
1.125393637020618335e+05
1.122432234571433364e+05
1.119183114318509615e+05
1.120303455558009591e+05
1.124722810338971467e+05
1.127530256448792643e+05
1.126801696063856652e+05
1.123989854572773038e+05
1.099997849878457928e+05
1.114572145766481262e+05
1.098860521164897655e+05
1.096915396843564959e+05
1.107724177279856958e+05
1.102330478458961297e+05
1.102109641417821113e+05
1.102705153114418063e+05
1.112664085008328257e+05
1.118670995715095196e+05
1.110702567203102080e+05
1.100568414900374337e+05
1.108686404370468663e+05
1.115433992350671469e+05
1.103525540814988053e+05
1.113543037913270236e+05
1.110240341766581987e+05
1.105046097253147746e+05
1.111893471749604942e+05
1.111131411620846193e+05
1.109427794419940328e+05
1.114813534101038531e+05
1.102626036616628262e+05
1.103571157508132746e+05
1.100818356364896608e+05
1.103217271717831609e+05
1.100055702306793246e+05
1.104650158589058992e+05
1.107124389048688172e+05
1.104675105202917039e+05
1.103663103670458077e+05
1.108365780813073943e+05
1.105095990480863547e+05
1.106924340811881557e+05
1.105120937155543797e+05
1.104604541895914153e+05
1.103462936647782626e+05
1.097057117447736673e+05
1.092345887175156095e+05
1.090583823616569716e+05
1.088005530106115184e+05
1.110590069747358357e+05
1.115038647676749388e+05
1.130666879245971941e+05
1.143937773131749127e+05
1.146357239778101793e+05
1.147636289095834509e+05
1.150943261777094158e+05
1.147602908137880877e+05
1.149773027309878235e+05
1.147590078473345056e+05
1.152988647758156876e+05
1.157074668042235280e+05
1.160682069405900402e+05
1.164876429275375413e+05
1.161577415794735716e+05
1.163018855735105899e+05
1.163139312330646935e+05
1.167296489911895187e+05
1.165988217384910968e+05
1.168775112201314478e+05
1.170936678243347123e+05
1.189051969936734677e+05
1.193017058420974208e+05
1.201656194828745065e+05
1.204063544586598000e+05
1.211044799333298870e+05
1.203826314000742423e+05
1.207458067988098483e+05
1.206921002710004395e+05
1.209332629002428293e+05
1.214901429385450319e+05
1.212915083752235223e+05
1.211511301243567868e+05
1.212419358571892371e+05
1.213102302263683378e+05
1.206329173679455562e+05
1.205483720518336195e+05
1.202005922809521580e+05
1.209253512565460551e+05
1.212927200640734955e+05
1.210319683981850976e+05
1.214243432307516923e+05
1.209595400131486240e+05
1.207658116224904516e+05
1.213664314155635511e+05
1.209815524457412539e+05
1.209495019685887091e+05
1.205908882330853812e+05
1.204567822836082632e+05
1.200169138195229898e+05
1.205938105540105171e+05
1.204271551902379433e+05
1.211136032719587965e+05
1.220612069158513623e+05
1.222582734023049125e+05
1.222149019080566650e+05
1.214689264199321187e+05
1.208178788019104832e+05
1.209811841852185753e+05
1.209445126397348795e+05
1.220791566101901990e+05
1.219633448523185943e+05
1.221936735169390886e+05
1.219750222513500194e+05
1.226930931506840570e+05
1.232828789791352610e+05
1.241513661678137141e+05
1.247124514934946492e+05
1.253659819003973680e+05
1.254140932549279678e+05
1.254401327839314472e+05
1.261636087869895127e+05
1.263618869683752710e+05
1.265730661283938098e+05
1.266426434640265215e+05
1.267380108600912499e+05
1.265847435213430581e+05
1.284295467413534643e+05
1.277448092917077447e+05
1.277614760195930285e+05
1.274490254287249845e+05
1.272691127165483340e+05
1.268492609486483561e+05
1.268642170444584917e+05
1.271366461154605495e+05
1.270058782617788238e+05
1.267375832066341245e+05
1.274232353622107767e+05
1.273286638801258377e+05
1.272074351460254984e+05
1.271541562716732151e+05
1.257075012545583013e+05
1.256666956932172470e+05
1.256379833118600654e+05
1.252739050796981901e+05
1.249957026505316608e+05
1.259111964182550000e+05
1.256546500397453638e+05
1.260753571145595633e+05
1.256783730922486866e+05
1.255992447645299108e+05
1.258366297537684732e+05
1.255867120525019709e+05
1.256767218652724405e+05
1.256350609909349150e+05
1.256467383899663837e+05
1.256058734356908390e+05
1.252443373853445664e+05
1.244012838751623785e+05
1.255184058047359576e+05
1.248272178688149725e+05
1.241047159707045212e+05
1.251643656232161884e+05
1.249761136078034324e+05
1.262906702843532112e+05
1.277031365448655270e+05
1.275752316130922263e+05
1.276131861250295187e+05
1.273649077721523645e+05
1.272003906939120789e+05
1.274219642743440345e+05
1.274706814793818339e+05
1.274315746654467948e+05
1.277689481251635007e+05
1.278014262618553912e+05
1.275794250218840752e+05
1.273807191809589713e+05
1.272366345798564435e+05
1.270978956834612618e+05
1.276168924813475605e+05
1.276035757339267730e+05
1.253359984311735025e+05
1.256771495187295804e+05
1.265397326787054626e+05
1.270870735974262789e+05
1.273490963572635956e+05
1.278022815748518915e+05
1.282312566813807789e+05
1.282150176130348555e+05
1.279059882741526671e+05
1.277793544363282999e+05
1.286036742167787452e+05
1.289814374568840722e+05
1.288461079338878480e+05
1.285553252722635807e+05
1.287831592694160790e+05
1.288369251962421986e+05
1.293809280191676226e+05
1.291601384741285292e+05
1.297245737741917110e+05
1.300049026103036304e+05
1.299157362319427193e+05
1.300640142418370961e+05
1.309441788295470033e+05
1.305679955448965484e+05
1.302206315549675346e+05
1.301431425756380777e+05
1.301277588202885963e+05
1.302177211126292823e+05
1.296162460065597115e+05
1.304917776534337609e+05
1.294725177873929206e+05
1.298532746199447574e+05
1.306417662893210654e+05
1.306350782191434264e+05
1.296732906362467038e+05
1.302468492749388533e+05
1.302114488173218560e+05
1.302147987977863231e+05
1.309633402188180189e+05
1.310907580981174833e+05
1.316056208801464236e+05
1.315568442821741337e+05
1.312223812647956947e+05
1.316239269564210554e+05
1.314477206005624030e+05
1.312548594014875707e+05
1.308479561204857600e+05
1.314577586512044945e+05
1.320512627145605802e+05
1.325715424789004901e+05
1.327768769970687281e+05
1.331467285934772808e+05
1.335895193784877192e+05
1.339077433275202056e+05
1.339677102720501425e+05
1.343734612571364269e+05
1.345292232572704379e+05
1.343280227549595293e+05
1.341051662019917276e+05
1.328601987396615441e+05
1.329472387171593145e+05
1.337707150632002158e+05
1.338028249332872510e+05
1.339602262878927868e+05
1.322928529972601391e+05
1.318292614745892934e+05
1.320071071788372938e+05
1.332000787393510109e+05
1.326660545680509822e+05
1.324915588381852722e+05
1.326756649591537716e+05
1.326436144820012269e+05
1.329901112803468714e+05
1.331546996361907804e+05
1.334932966633443721e+05
1.337333069966712792e+05
1.323085456141156028e+05
1.326389934136700758e+05
1.324999456557689700e+05
1.325790739895699953e+05
1.341578986248536094e+05
1.345318961096242128e+05
1.347710511299546342e+05
1.350465807067674759e+05
1.354410700676925480e+05
1.358243096830432769e+05
1.360642606173534587e+05
1.363184311325106828e+05
1.359938873677409720e+05
1.359352509100944444e+05
1.356098518323282478e+05
1.355382668877835677e+05
1.358812473993659951e+05
1.361275062647442683e+05
1.362728144393659313e+05
1.372004132595778792e+05
1.377117478823389101e+05
1.378332142064237851e+05
1.385250673857864458e+05
1.385146016816871997e+05
1.384379680153542140e+05
1.388613479486042925e+05
1.391180843966687098e+05
1.389241778150426398e+05
1.391109686669516959e+05
1.396294190194297116e+05
1.398756184857912885e+05
1.408497487111611699e+05
1.408828326983602892e+05
1.418899993844172277e+05
1.415574845830162812e+05
1.425780749359405308e+05
1.418950481122877682e+05
1.423293095245073491e+05
1.425320305832563899e+05
1.420123091429117194e+05
1.421856525768619031e+05
1.425370199121102050e+05
1.430312007545121305e+05
1.431706642872834927e+05
1.432268060835442448e+05
1.432803938194024668e+05
1.433176712093111710e+05
1.427008123478921480e+05
1.424591745508450549e+05
1.425655422239126347e+05
1.423816855654333776e+05
1.415411742370668217e+05
1.426790375052841264e+05
1.420700902875618485e+05
1.425085569932423823e+05
1.434847542265409138e+05
1.430915359595647606e+05
1.432850148816514702e+05
1.434236231075085816e+05
1.449802571253139176e+05
1.456126185340335942e+05
1.476299098689155071e+05
1.473819997765609878e+05
1.477375723931058310e+05
1.470721151246823720e+05
1.468304654429661750e+05
1.472596900180665543e+05
1.479754444409004645e+05
1.483213353948211006e+05
1.490437303734850429e+05
1.495341335880475526e+05
1.490672039634991088e+05
1.499374492986003170e+05
1.507917525543568190e+05
1.505639779501387966e+05
1.503930697846398980e+05
1.507314767483209434e+05
1.505597845413469768e+05
1.505120414473390265e+05
1.506828902138211997e+05
1.510673415301863570e+05
1.503478807449522137e+05
1.509852314825257345e+05
1.515853642231250124e+05
1.525126066614011652e+05
1.538551867247748305e+05
1.537769137039702910e+05
1.544021712615599099e+05
1.543007810326770123e+05
1.555512842753515288e+05
1.569408233912580763e+05
1.568779935248196998e+05
1.588412813550553983e+05
1.582461973362444260e+05
1.585740910753963981e+05
1.594431128369784856e+05
1.594200669065037218e+05
1.596713151007358101e+05
1.605269013229459233e+05
1.618888447176501213e+05
1.608108889949460281e+05
1.586055357081239054e+05
1.590464970751902147e+05
1.592734876440153457e+05
1.552242458491959842e+05
1.480763476173094241e+05
1.515250884110068728e+05
1.514069720613042300e+05
1.451247099869390076e+05
1.471345173376635357e+05
1.496304750890598225e+05
1.498687747963937582e+05
1.514078273743006866e+05
1.532743341653977695e+05
1.533899677262192999e+05
1.518412453581929149e+05
1.508256918484701018e+05
1.518274415582983056e+05
1.539410744002748397e+05
1.563695812229838048e+05
1.545495345655232959e+05
1.522332400577321823e+05
1.496773747547404491e+05
1.492460237787769292e+05
1.512939044394721568e+05
1.513508302711257420e+05
1.508474666910781816e+05
1.514182930844821967e+05
1.540976917134053074e+05
1.531419863562612154e+05
1.520983975872098235e+05
1.505844698262932361e+05
1.512872163632122683e+05
1.517303041372239823e+05
1.496891115467064083e+05
1.503968355338923575e+05
1.501233848435950640e+05
1.457172993382819695e+05
1.431342303317843180e+05
1.472056746226688847e+05
1.451079838661192625e+05
1.450514738093358756e+05
1.466005525592979975e+05
1.438092979913105373e+05
1.461763173130514333e+05
1.475809550799752760e+05
1.490462844338874274e+05
1.455644477804862254e+05
1.458462971669540857e+05
1.484549661704111786e+05
1.471256909819536086e+05
1.489114419633650396e+05
1.481638746472809580e+05
1.494587710095811635e+05
1.507578845317647501e+05
1.505233505858477147e+05
1.500174329453976534e+05
1.487891203262836498e+05
1.487024486093085434e+05
1.461201873953775794e+05
1.464832915225918114e+05
1.479339617636128969e+05
1.478661425683207053e+05
1.469657355730278068e+05
1.465758672743517091e+05
1.455171323399354005e+05
1.455485769726629660e+05
1.475700617224189336e+05
1.481467208730041457e+05
1.481643023068203765e+05
1.492732631241257768e+05
1.504714021983789571e+05
1.510287811677418940e+05
1.514438336763428233e+05
1.502699641060835274e+05
1.506502220136568649e+05
1.503160084587676683e+05
1.503227559279619891e+05
1.521364708971806394e+05
1.510484890024213237e+05
1.513672000100098667e+05
1.509107242170560057e+05
1.505538805065622728e+05
1.481718338114076760e+05
1.500350025006271899e+05
1.485026498714847839e+05
1.498369143887961691e+05
1.509224610090219358e+05
1.508390798734946002e+05
1.529460246452934807e+05
1.535239548837453767e+05
1.539808464576516708e+05
1.540160093252841034e+05
1.540063989341813140e+05
1.532793828871861915e+05
1.531219221396461944e+05
1.526059664546361892e+05
1.519794378030976804e+05
1.502322590627176978e+05
1.499743109136388521e+05
1.487815769431097142e+05
1.495065259821761865e+05
1.475110094838200894e+05
1.476953531947731681e+05
1.466886260407602531e+05
1.472874876874106412e+05
1.476241959036856424e+05
1.478417542723758670e+05
1.470367146731476823e+05
1.481431927015719411e+05
1.487498353274631663e+05
1.506968128117493470e+05
1.515669987478338589e+05
1.502337083415523230e+05
1.515988116410840303e+05
1.521737007666595746e+05
1.524470920640223485e+05
1.527848456628485874e+05
1.532677648871714773e+05
1.524479473770188051e+05
1.524091375520850415e+05
1.523250198955124361e+05
1.535271741875895532e+05
1.545742911219910893e+05
1.552614044471536472e+05
1.547990958909363835e+05
1.539218536180693773e+05
1.545809197992342524e+05
1.540860143204561900e+05
1.540394235162815603e+05
1.548691602790429606e+05
1.551100140467794554e+05
1.558808173628930526e+05
1.556061430990766385e+05
1.551528984885538521e+05
1.539602357895461028e+05
1.531972728395256563e+05
1.538798244892915245e+05
1.530434590492869611e+05
1.554539686633094680e+05
1.561266010604666080e+05
1.566701643452658027e+05
1.570569915310656070e+05
1.565175622499593301e+05
1.560515473435062740e+05
1.568627285614215943e+05
1.584397950563647028e+05
1.585272508087327005e+05
1.588955343343555287e+05
1.580583135813545086e+05
1.579238987703714520e+05
1.578488450534110889e+05
1.579857545257799793e+05
1.581127447516223474e+05
1.576302413082518906e+05
1.572685389455246332e+05
1.579618532823087589e+05
1.581313002903861925e+05
1.590258151294812269e+05
1.590786069513596885e+05
1.585156922077346244e+05
1.596399417456120718e+05
1.606057920667625440e+05
1.621337730961451889e+05
1.626600044156996300e+05
